0
0
0
0
0
0
0
0
0
0
0
0
0
0
0
0
0
0
0
1
0
1
2
2289
16430
15395
12387
10164
8316
6900
6055
5458
4996
4828
4540
4664
4561
4525
4655
4629
4636
4846
4733
4719
4839
4928
4847
5008
4888
4813
4890
4778
4950
4833
4872
4785
4827
4823
4871
4812
4853
4774
4796
4718
4733
4484
4679
4648
4630
4605
4559
4582
4506
4501
4568
4454
4366
4494
4370
4381
4290
4390
4402
4365
4360
4195
4382
4218
4332
4283
4365
4284
4339
4502
4384
4401
4322
4614
4519
4544
4550
4612
4655
4583
4714
4657
4435
4536
4662
4630
4662
4584
4538
4568
4387
4309
4446
4455
4244
4286
4163
4121
4028
3990
4109
3921
3895
3840
3805
3775
3753
3636
3755
3597
3663
3592
3476
3554
3406
3489
3480
3397
3439
3386
3542
3401
3322
3387
3305
3288
3286
3112
3230
3143
3370
3242
3092
3054
3209
3194
2995
3066
3035
3089
3058
3169
2979
3028
3026
2982
2964
3014
2973
2955
2880
2907
3000
2830
2830
2865
2875
2831
2887
2796
2893
2880
2998
2910
2925
2779
2848
2895
2854
2814
2835
2874
2860
2812
2821
2828
2780
2857
2809
2817
2867
2832
2757
2821
2830
2790
2748
2790
2810
2819
2791
2818
2846
2822
2735
2814
2789
2805
2731
2733
2813
2763
2806
2777
2779
2758
2653
2702
2655
2686
2622
2510
2607
2542
2539
2587
2526
2331
2393
2288
2396
2274
2220
2120
2221
2130
2101
1999
2087
1867
1918
1845
1715
1767
1689
1528
1559
1496
1490
1410
1415
1333
1285
1185
1153
1151
1090
1046
975
949
898
874
842
804
758
746
768
722
677
693
657
589
597
585
528
536
565
550
560
510
505
549
519
610
541
602
579
581
646
718
711
773
776
880
917
1008
1073
1120
1200
1326
1389
1521
1596
1728
1825
2112
2227
2353
2555
2816
2937
3077
3226
3369
3696
3869
4183
4358
4602
4878
5010
5295
5479
5742
5959
6246
6295
6535
6647
6820
7052
7155
7376
7475
7677
7809
7862
7917
8034
7932
7988
8085
7982
7909
7889
7936
7597
7806
7533
7483
7284
7113
6934
6733
6637
6426
6187
6004
5871
5495
5362
5052
4748
4832
4565
4305
4008
3730
3574
3296
3171
2946
2683
2599
2310
2216
2050
1929
1692
1506
1406
1275
1192
1098
1003
929
859
714
659
560
501
494
384
419
356
297
260
242
190
170
191
176
149
143
115
95
87
99
74
66
64
69
66
62
58
57
60
52
54
51
56
51
39
42
50
49
52
67
45
50
56
48
39
39
39
47
42
45
35
39
48
49
43
44
51
54
46
45
59
42
45
36
52
42
44
44
50
61
41
37
30
44
40
41
49
36
47
43
37
36
44
34
43
42
37
34
45
51
43
52
48
48
39
42
45
43
45
42
35
29
38
48
41
42
45
35
46
25
40
39
51
30
42
39
33
37
34
41
42
31
32
33
31
39
30
36
33
37
31
36
34
37
28
29
24
37
42
37
42
32
26
36
25
31
33
30
29
25
37
27
38
28
37
33
33
26
34
33
35
28
34
36
28
28
35
32
28
28
36
34
22
35
33
42
37
22
30
31
22
33
35
32
38
39
32
26
33
33
37
31
29
27
24
30
21
30
28
31
28
25
24
38
30
29
19
22
26
25
22
36
28
30
23
26
19
25
23
18
27
22
23
32
29
19
30
26
30
24
21
24
24
16
22
15
22
22
12
19
17
21
25
20
16
15
22
12
15
27
20
16
22
23
20
16
20
13
30
26
14
16
18
16
20
19
9
12
11
18
21
19
13
22
18
10
14
14
24
21
22
28
9
13
16
26
14
15
29
12
19
12
20
21
22
15
21
13
18
19
19
24
15
20
21
18
24
27
15
27
27
28
23
24
25
20
21
18
15
13
26
14
16
19
21
16
26
22
19
18
20
21
25
37
18
21
19
18
17
24
26
34
27
18
29
21
24
29
26
23
24
20
27
28
18
21
22
23
22
16
22
25
33
24
25
20
16
21
23
23
24
14
21
20
20
21
19
14
20
19
20
26
11
14
18
17
18
15
22
14
14
16
12
14
19
19
13
14
11
12
8
12
11
7
10
7
7
11
7
6
9
8
9
11
2
6
14
11
10
11
8
10
7
5
3
10
13
6
4
8
4
10
6
7
7
1
6
11
5
1
10
4
7
7
6
9
5
1
9
6
7
2
3
9
5
9
3
5
11
4
1
3
5
5
3
2
6
5
2
7
5
3
5
4
2
2
6
1
4
3
2
3
3
6
1
0
4
3
4
4
4
4
3
4
8
7
3
6
3
1
7
4
4
3
4
2
4
6
6
2
1
4
3
1
4
3
6
8
2
4
2
5
2
2
6
2
5
1
3
1
3
4
4
4
2
6
6
7
5
2
2
2
4
2
5
2
3
2
3
5
6
4
5
1
3
0
1
7
6
3
3
3
3
0
0
0
0
0
0
0
0
0
0
0
0
0
0
0
0
0
0
0
0
0
0
0
0
0
0
0
0
0
0
0
0
0
0
0
0
0
0
0
0
0
0
0
0
0
0
0
0
0
0
0
0
0
0
0
0
0
0
0
