143
115
95
87
99
74
66
64
69
66
62
58
57
60
52
54
51
56
51
39
42
50
49
52
67
45
50
56
48
39
39
39
47
42
45
35
39
48
49
43
44
51
54
46
45
59
42
45
36
52
42
44
44
50
61
41
37
30
44
40
41
49
36
47
43
37
36
44
34
43
42
37
34
45
51
43
52
48
48
39
42
45
43
45
42
35
29
38
48
41
42
45
35
46
25
40
39
51
30
42
39
33
37
34
41
42
31
32
33
31
39
30
36
33
37
31
36
34
37
28
29
24
37
42
37
42
32
26
36
25
31
33
30
29
25
37
27
38
28
37
33
33
26
34
33
35
28
34
36
28
28
35
32
28
28
36
34
22
35
33
42
37
22
30
31
22
33
35
32
38
39
32
26
33
33
37
31
29
27
24
30
21
30
28
31
28
25
24
38
30
29
19
22
26
25
22
36
28
30
23
26
19
25
23
18
27
22
23
32
29
19
30
26
30
24
21
24
24
16
22
15
22
22
12
19
17
21
25
20
16
15
22
12
15
27
20
16
22
23
20
16
20
13
30
26
14
16
18
16
20
19
9
12
11
18
21
19
13
22
18
10
14
14
24
21
22
28
9
13
16
26
14
15
29
12
19
12
20
21
22
15
21
13
18
19
19
24
15
20
21
18
24
27
15
27
27
28
23
24
25
20
21
18
15
13
26
14
16
19
21
16
26
22
19
18
20
21
25
37
18
21
19
18
17
24
26
34
27
18
29
21
24
29
26
23
24
20
27
28
18
21
22
23
22
16
22
25
33
24
25
20
16
21
23
23
24
14
21
20
20
21
19
14
20
19
20
26
11
14
18
17
18
15
22
14
14
16
12
14
19
19
13
14
11
12
8
12
11
7
10
7
7
11
7
6
9
8
9
11
2
6
14
11
10
11
8
10
7
5
3
10
13
6
4
8
4
10
6
7
7
1
6
11
5
1
10
4
7
7
6
9
5
1
9
6
7
2
3
9
5
9
3
5
11
4
1
3
5
5
3
2
6
5
2
7
5
3
5
4
2
2
6
1
4
3
2
3
3
6
1
0
4
3
4
4
4
4
3
4
8
7
3
6
3
1
7
4
4
3
4
2
4
6
6
2
1
4
3
1
4
3
6
8
2
4
2
143
115
95
87
99
74
